Average Cost

RANDOM:

[82, 151, 220, 298, 376, 464, 545, 618, 690, 765]
[57, 131, 210, 289, 354, 423, 463, 510, 589, 659]
[333, 557, 784, 1054, 1253, 1440, 1658, 1722, 1954, 2162]

DEGREE:

[82, 153, 212, 299, 368, 463, 540, 618, 698, 781]
[52, 103, 157, 210, 270, 322, 365, 419, 472, 529]
[172, 333, 606, 784, 904, 978, 1050, 1283, 1499, 1534]

Page Rank:

[53, 103, 154, 205, 255, 307, 357, 408, 457, 508]
[50, 100, 150, 200, 250, 300, 351, 401, 451, 501]
[52, 102, 152, 204, 254, 305, 356, 406, 455, 506]


Highest Cost:

RANDOM:

[37, 82, 126, 167, 208, 250, 289, 330, 382, 420]
[32, 52, 85, 110, 137, 165, 199, 216, 247, 275]
[91, 117, 171, 287, 348, 515, 615, 614, 725, 909]

DEGREE:

[6, 7, 41, 44, 45, 46, 50, 51, 53, 54]
[6, 22, 25, 103, 80, 80, 104, 101, 107, 144]
[26, 116, 100, 177, 235, 335, 391, 330, 356, 406]

Page Rank:

[48, 84, 121, 165, 218, 250, 294, 341, 388, 457]
[22, 54, 67, 83, 115, 139, 167, 184, 211, 246]
[80, 195, 196, 378, 392, 501, 487, 666, 629, 666]


Degree Discount:

RANDOM:

[177, 329, 458, 613, 759, 887, 1023, 1172, 1311, 1471]
[338, 624, 764, 931, 1087, 1209, 1303, 1411, 1495, 1582]
[899, 1387, 1748, 2005, 2324, 2531, 2796, 3031, 3200, 3449]


DEGREE:

[10, 16, 45, 51, 48, 53, 49, 54, 67, 72]
[6, 41, 48, 55, 77, 87, 108, 86, 114, 131]
[74, 160, 109, 186, 285, 253, 313, 288, 336, 373]

PAGE RANK:

[26, 59, 91, 124, 161, 193, 224, 257, 287, 321]
[139, 239, 327, 399, 467, 538, 588, 630, 692, 745]
[428, 511, 617, 767, 829, 918, 1006, 1177, 1235, 1332]




Random
[62, 102, 156, 193, 240, 286, 328, 387, 434, 473]
[210, 323, 406, 491, 586, 648, 721, 787, 828, 903]
[544, 635, 860, 1010, 1186, 1355, 1534, 1662, 1707, 1811]
Degree
[117, 212, 323, 421, 523, 702, 855, 985, 1128, 1264]
[100, 220, 318, 401, 501, 612, 718, 840, 932, 1073]
[112, 236, 342, 412, 508, 802, 979, 1176, 1401, 1635]
Page Rank
[67, 103, 157, 252, 312, 333, 404, 473, 565, 631]
[61, 160, 198, 238, 287, 362, 437, 501, 575, 627]
[64, 243, 272, 283, 332, 496, 625, 644, 770, 826]



Random
[307, 577, 775, 1005, 1202, 1372, 1537, 1706, 1889, 2063]
[688, 981, 1194, 1421, 1575, 1756, 1915, 2050, 2180, 2314]
[1514, 1991, 2375, 2735, 3113, 3315, 3552, 3762, 4041, 4190]
Degree
[133, 314, 377, 468, 517, 608, 657, 768, 816, 924]
[64, 153, 186, 234, 262, 308, 336, 386, 428, 482]
[139, 329, 499, 623, 674, 910, 1046, 1143, 1272, 1390]
Page Rank
[36, 75, 112, 150, 189, 228, 273, 311, 350, 391]
[160, 277, 356, 444, 521, 575, 625, 690, 740, 789]
[321, 592, 715, 696, 838, 907, 985, 1058, 1160, 1208]



Random
[309, 645, 989, 1323, 1700, 2050, 2388, 2747, 3227, 3582]
[713, 1090, 1396, 1696, 1982, 2269, 2525, 2770, 3038, 3329]
[1573, 2512, 3259, 4046, 4742, 5441, 6053, 6697, 7321, 7941]
Degree
[337, 669, 969, 1274, 1586, 1908, 2211, 2519, 2822, 3137]
[203, 407, 608, 815, 1020, 1222, 1424, 1627, 1832, 2034]
[745, 1310, 1963, 2581, 3172, 3610, 4219, 4674, 5155, 5759]
Page Rank
[232, 418, 582, 736, 884, 1024, 1163, 1296, 1420, 1546]
[244, 434, 614, 789, 920, 1076, 1220, 1377, 1491, 1629]
[1568, 2394, 2988, 3394, 3826, 4263, 4600, 4914, 5201, 5490]

