Average Cost

DEGREE:

[82, 153, 212, 299, 368, 463, 540, 618, 698, 781]
[52, 103, 157, 210, 270, 322, 365, 419, 472, 529]
[172, 333, 606, 784, 904, 978, 1050, 1283, 1499, 1534]


Page Rank:

[53, 103, 154, 205, 255, 307, 357, 408, 457, 508]
[50, 100, 150, 200, 250, 300, 351, 401, 451, 501]
[52, 102, 152, 204, 254, 305, 356, 406, 455, 506]


Highest Cost:

Page Rank:

[48, 84, 121, 165, 218, 250, 294, 341, 388, 457]
[22, 54, 67, 83, 115, 139, 167, 184, 211, 246]
[80, 195, 196, 378, 392, 501, 487, 666, 629, 666]


Degree Discount:

RANDOM:

[177, 329, 458, 613, 759, 887, 1023, 1172, 1311, 1471]
[338, 624, 764, 931, 1087, 1209, 1303, 1411, 1495, 1582]
[899, 1387, 1748, 2005, 2324, 2531, 2796, 3031, 3200, 3449]


PAGE RANK:

[26, 59, 91, 124, 161, 193, 224, 257, 287, 321]
[139, 239, 327, 399, 467, 538, 588, 630, 692, 745]
[428, 511, 617, 767, 829, 918, 1006, 1177, 1235, 1332]



(degree costings)
degreeCostPercentage:

[41, 53, 62, 87, 107, 106, 107, 109, 112, 115]
[23, 38, 58, 76, 56, 88, 96, 112, 145, 140]
[90, 134, 226, 232, 237, 318, 311, 381, 411, 352]

degreeCostPercentage2:

[138, 190, 215, 227, 230, 233, 253, 255, 278, 282]
[59, 78, 101, 109, 112, 124, 127, 150, 160, 169]
[135, 214, 358, 397, 446, 500, 518, 578, 542, 574]