Network: Amazon
	Diffusion Model: LinearThreshold
Network: Amazon
	Diffusion Model: LinearThreshold
		Heuristic: Random
		[1, 82, 247, 378, 458, 574, 614, 660, 721, 745, 794, 905, 953, 1160, 1181, 1204, 1230, 1284, 1287, 1294, 1324, 1850, 1861, 1865, 1866, 1867, 1975, 1980, 2004, 2005, 2156, 2185, 2602, 2622, 2647, 2673, 2856, 2884, 2951, 3173, 3240, 3326, 3333, 3401, 3446, 3452, 3545, 3546, 3865, 3866]
		Heuristic: Degree
		[10076, 14318, 20727, 29904, 40916, 45755, 54897, 57650, 62170, 67665, 71353, 72004, 77798, 82947, 85153, 86858, 91014, 92652, 95844, 97182, 99160, 100485, 104897, 107731, 111875, 116284, 118180, 120258, 122623, 124020, 125735, 127928, 129146, 131450, 132909, 134027, 134633, 135154, 136888, 137816, 138357, 139401, 140366, 141374, 143085, 143483, 144976, 145559, 146862, 147447]
		Heuristic: SingleDiscount
		[10076, 14318, 20727, 29904, 40916, 45755, 54897, 57650, 62170, 67665, 69662, 73330, 74089, 79755, 85392, 87703, 89692, 92588, 96483, 98093, 101427, 104376, 105732, 107781, 111398, 112532, 115949, 117669, 119898, 124116, 128209, 130116, 132001, 134004, 135329, 136806, 138958, 140161, 141053, 142827, 144215, 145140, 146340, 146961, 147568, 148030, 149675, 151712, 152423, 153028]
		Heuristic: DegreeDiscount
		[10076, 14318, 20727, 29904, 40916, 45755, 54897, 57650, 62170, 67665, 69662, 73330, 74089, 79755, 85392, 87703, 89692, 92588, 96483, 98093, 101427, 104376, 105732, 107781, 111398, 112532, 115949, 117669, 119898, 124116, 128209, 130116, 132001, 134004, 135329, 136806, 138958, 140161, 141053, 142827, 144215, 145140, 146340, 146961, 147568, 148030, 149675, 151712, 152423, 153028]
	Diffusion Model: IndependentCascade
		Heuristic: Random
		[206, 653, 508, 1023, 941, 1119, 1148, 1497, 1846, 1393, 1665, 2626, 2750, 2761, 2696, 3498, 2590, 3104, 3020, 2921, 3796, 3313, 3649, 3310, 3518, 3964, 3434, 3783, 3991, 3918, 4248, 4032, 4096, 4642, 4506, 4852, 4709, 4706, 5205, 4597, 4630, 5030, 4441, 4805, 4958, 5262, 5888, 5479, 5889, 6165]
		Heuristic: Degree
		[5393, 15211, 21923, 24398, 26423, 31040, 32728, 34016, 35794, 38232, 38452, 39889, 40269, 42001, 42389, 43185, 44184, 44392, 44832, 45640, 45493, 46362, 46566, 46789, 47413, 47928, 48849, 49629, 50326, 50420, 50911, 52088, 51577, 52572, 53121, 54150, 54490, 54372, 54654, 55133, 55663, 56466, 56659, 56525, 57749, 57860, 57824, 58471, 59346, 59446]
		Heuristic: SingleDiscount
		[5607, 15818, 22138, 24727, 26827, 31321, 31962, 34714, 36115, 38001, 39203, 39432, 41448, 42039, 43258, 43510, 44270, 45294, 45283, 46579, 46337, 47027, 47471, 47993, 48528, 48927, 48833, 49679, 50015, 50289, 51338, 51955, 52222, 52981, 53385, 53792, 54289, 54658, 54908, 55486, 56311, 57021, 56932, 57226, 58132, 58087, 58612, 58774, 59289, 59170]
		Heuristic: DegreeDiscount
		[5644, 14918, 22631, 24865, 26918, 30799, 33114, 34385, 36190, 37320, 38757, 39813, 41389, 42269, 43017, 43772, 44104, 44446, 45260, 45594, 46226, 47120, 47748, 47492, 48470, 48798, 48881, 49438, 49422, 49984, 51389, 51675, 52231, 52795, 53250, 53572, 54475, 54527, 55129, 55585, 56542, 57154, 57171, 57680, 57745, 57805, 58700, 58970, 59262, 59780]
	Diffusion Model: WeightedCascade
		Heuristic: Random
		[27, 88, 162, 134, 519, 700, 839, 1008, 1784, 1646, 1802, 2146, 1951, 2468, 2168, 2576, 2571, 2462, 2739, 2594, 2632, 2637, 2583, 2591, 2962, 3405, 4329, 3494, 3900, 4927, 5132, 4404, 4380, 4834, 5364, 5185, 5533, 5911, 6058, 5631, 5738, 6287, 6850, 7112, 7221, 7561, 6896, 7387, 7296, 7042]
		Heuristic: Degree
		[5501, 15998, 22307, 24685, 27279, 31665, 32192, 34407, 35738, 37823, 38862, 40152, 40814, 41599, 42775, 42788, 44237, 44454, 44884, 45058, 45552, 46464, 46829, 46954, 47577, 48713, 48932, 49758, 50026, 50443, 51009, 51435, 52059, 52615, 53190, 53794, 54536, 54364, 55112, 55753, 55549, 56294, 56962, 56508, 57592, 57537, 58231, 58491, 59170, 59086]
		Heuristic: SingleDiscount
		[5675, 14377, 22435, 24282, 26827, 32016, 32561, 34117, 36183, 37624, 39099, 40233, 40850, 41717, 42530, 43819, 44070, 44320, 45431, 45728, 46936, 46872, 47017, 47618, 48309, 48621, 48801, 49655, 50075, 50034, 51359, 51975, 52384, 53069, 53492, 53902, 54401, 55032, 55055, 55329, 56129, 56793, 57304, 57110, 57945, 57993, 58381, 58559, 59134, 59351]
		Heuristic: DegreeDiscount
		[5478, 15569, 21964, 24027, 27615, 31142, 32284, 34116, 35975, 37518, 39260, 39717, 41407, 41542, 43356, 43470, 43936, 44846, 45215, 45729, 46416, 46979, 47492, 47984, 47957, 48602, 49161, 49639, 50195, 50254, 51581, 52096, 52640, 52608, 53146, 53396, 54477, 55043, 54929, 55457, 56392, 56618, 56872, 57224, 57919, 57996, 58487, 58951, 59081, 59304]
Network: Github
	Diffusion Model: LinearThreshold
		Heuristic: Random
		[1, 2, 3, 4, 5, 6, 7, 8, 9, 10, 11, 12, 13, 14, 15, 16, 17, 18, 19, 20, 21, 22, 23, 24, 25, 26, 27, 28, 29, 30, 31, 32, 33, 33, 34, 35, 36, 37, 38, 39, 40, 41, 42, 43, 44, 45, 46, 47, 48, 49]
		Heuristic: Degree
		[3630, 7122, 10177, 31598, 37620, 37695, 37700, 37700, 37700, 37700, 37700, 37700, 37700, 37700, 37700, 37700, 37700, 37700, 37700, 37700, 37700, 37700, 37700, 37700, 37700, 37700, 37700, 37700, 37700, 37700, 37700, 37700, 37700, 37700, 37700, 37700, 37700, 37700, 37700, 37700, 37700, 37700, 37700, 37700, 37700, 37700, 37700, 37700, 37700, 37700]
		Heuristic: SingleDiscount
		[3630, 7122, 10177, 31598, 37620, 37695, 37700, 37700, 37700, 37700, 37700, 37700, 37700, 37700, 37700, 37700, 37700, 37700, 37700, 37700, 37700, 37700, 37700, 37700, 37700, 37700, 37700, 37700, 37700, 37700, 37700, 37700, 37700, 37700, 37700, 37700, 37700, 37700, 37700, 37700, 37700, 37700, 37700, 37700, 37700, 37700, 37700, 37700, 37700, 37700]
		Heuristic: DegreeDiscount
		[3630, 7122, 10177, 31598, 37620, 37695, 37700, 37700, 37700, 37700, 37700, 37700, 37700, 37700, 37700, 37700, 37700, 37700, 37700, 37700, 37700, 37700, 37700, 37700, 37700, 37700, 37700, 37700, 37700, 37700, 37700, 37700, 37700, 37700, 37700, 37700, 37700, 37700, 37700, 37700, 37700, 37700, 37700, 37700, 37700, 37700, 37700, 37700, 37700, 37700]
	Diffusion Model: IndependentCascade
		Heuristic: Random
		[1, 2, 3, 4, 5, 6, 7, 8, 9, 10, 11, 12, 13, 14, 15, 16, 17, 18, 19, 20, 21, 22, 23, 24, 25, 26, 27, 28, 29, 30, 31, 32, 33, 34, 35, 36, 37, 38, 39, 40, 41, 42, 43, 44, 45, 46, 47, 48, 49, 50]
		Heuristic: Degree
		[32185, 32550, 32600, 32696, 32735, 32751, 32812, 32834, 32854, 32876, 32898, 32924, 32952, 32957, 32970, 33005, 33016, 33025, 33054, 33043, 33025, 33067, 33070, 33060, 33087, 33096, 33100, 33103, 33113, 33136, 33138, 33119, 33139, 33171, 33137, 33150, 33148, 33161, 33180, 33166, 33167, 33180, 33157, 33174, 33173, 33198, 33182, 33187, 33205, 33212]
		Heuristic: SingleDiscount
		[32159, 32544, 32620, 32684, 32714, 32786, 32806, 32826, 32855, 32881, 32911, 32927, 32929, 32961, 32991, 33007, 33002, 33026, 33031, 33040, 33068, 33063, 33067, 33075, 33069, 33075, 33089, 33106, 33114, 33121, 33144, 33131, 33138, 33160, 33146, 33157, 33144, 33170, 33157, 33171, 33149, 33160, 33171, 33197, 33180, 33184, 33203, 33198, 33217, 33214]
		Heuristic: DegreeDiscount
		[32180, 32516, 32600, 32689, 32727, 32763, 32817, 32841, 32864, 32891, 32894, 32931, 32932, 32949, 32990, 32997, 33014, 33042, 33045, 33033, 33039, 33059, 33064, 33081, 33075, 33123, 33099, 33120, 33124, 33107, 33114, 33141, 33129, 33155, 33129, 33146, 33137, 33156, 33171, 33153, 33171, 33164, 33203, 33192, 33186, 33193, 33189, 33197, 33194, 33219]
	Diffusion Model: WeightedCascade
		Heuristic: Random
		[1, 2, 3, 4, 5, 6, 7, 8, 9, 10, 11, 12, 13, 14, 15, 16, 17, 18, 19, 20, 21, 22, 23, 24, 25, 26, 27, 28, 29, 30, 31, 32, 33, 34, 35, 36, 37, 38, 39, 40, 41, 42, 43, 44, 45, 46, 47, 48, 49, 50]
		Heuristic: Degree
		[32189, 32522, 32605, 32679, 32741, 32779, 32800, 32816, 32869, 32900, 32913, 32908, 32923, 32973, 32994, 33017, 33013, 33023, 33019, 33045, 33052, 33074, 33084, 33069, 33065, 33101, 33110, 33122, 33116, 33112, 33126, 33133, 33119, 33150, 33159, 33160, 33168, 33164, 33141, 33162, 33161, 33163, 33171, 33182, 33194, 33186, 33192, 33198, 33208, 33198]
		Heuristic: SingleDiscount
		[32188, 32546, 32609, 32658, 32714, 32762, 32817, 32840, 32853, 32878, 32911, 32931, 32951, 32937, 33006, 32999, 33011, 33003, 33054, 33030, 33048, 33057, 33065, 33065, 33076, 33095, 33113, 33106, 33121, 33117, 33127, 33137, 33140, 33150, 33148, 33165, 33154, 33153, 33154, 33156, 33179, 33180, 33188, 33183, 33180, 33193, 33190, 33205, 33204, 33207]
		Heuristic: DegreeDiscount
		[32181, 32519, 32597, 32699, 32733, 32778, 32816, 32849, 32830, 32901, 32921, 32922, 32951, 32963, 32979, 33002, 33006, 33027, 33036, 33031, 33062, 33068, 33089, 33061, 33075, 33082, 33088, 33104, 33110, 33120, 33120, 33111, 33129, 33152, 33147, 33166, 33151, 33153, 33152, 33165, 33173, 33157, 33179, 33199, 33174, 33206, 33199, 33185, 33194, 33204]
Network: Arxiv
	Diffusion Model: LinearThreshold
		Heuristic: Random
		[1, 2, 3, 4, 5, 36, 37, 38, 40, 41, 42, 43, 44, 45, 128, 129, 130, 131, 132, 133, 141, 142, 143, 144, 145, 146, 147, 148, 149, 150, 151, 152, 156, 157, 158, 158, 159, 160, 161, 162, 163, 164, 165, 166, 167, 170, 203, 204, 205, 215]
		Heuristic: Degree
		[175, 409, 475, 478, 881, 1113, 1185, 1549, 2051, 3969, 5589, 6088, 7702, 8270, 9040, 10412, 11076, 12147, 13355, 13691, 14438, 14742, 14970, 15261, 15430, 15907, 16676, 16837, 16969, 17108, 17153, 17233, 17490, 17880, 18012, 18203, 18302, 18360, 18489, 18706, 18768, 18836, 18976, 19133, 19220, 19274, 19454, 19494, 19519, 19538]
		Heuristic: SingleDiscount
		[175, 409, 475, 478, 881, 1113, 1185, 1549, 2051, 3969, 5589, 6088, 7702, 8270, 9728, 10447, 12005, 12645, 13608, 14660, 14945, 15597, 15910, 16091, 16515, 16738, 17105, 17418, 17696, 17908, 18202, 18597, 18686, 18895, 18945, 19185, 19243, 19375, 19399, 19492, 19521, 19651, 19790, 19836, 19919, 19969, 20009, 20014, 20046, 20090]
		Heuristic: DegreeDiscount
		[175, 409, 475, 478, 881, 1113, 1185, 1549, 2051, 3969, 5589, 6088, 7702, 8270, 9728, 10447, 12005, 12645, 13608, 14660, 14945, 15597, 15910, 16091, 16515, 16738, 17105, 17418, 17696, 17908, 18202, 18597, 18686, 18895, 18945, 19185, 19243, 19375, 19399, 19492, 19521, 19651, 19790, 19836, 19919, 19969, 20009, 20014, 20046, 20090]
	Diffusion Model: IndependentCascade
		Heuristic: Random
		[1, 2, 3, 1804, 1700, 2194, 1868, 2170, 1753, 3925, 4322, 4084, 4003, 3949, 4936, 4864, 4151, 4480, 4259, 5081, 4739, 4676, 4481, 4574, 5884, 5731, 5373, 6583, 6332, 6184, 5877, 6078, 6819, 6308, 6400, 6863, 6262, 6393, 6707, 6616, 6322, 6397, 6727, 6684, 6721, 6994, 7212, 7128, 7288, 7437]
		Heuristic: Degree
		[10851, 11651, 12092, 12340, 12410, 12696, 12775, 12922, 12986, 13067, 13124, 13175, 13251, 13371, 13506, 13472, 13498, 13567, 13543, 13613, 13611, 13717, 13668, 13772, 13848, 13771, 13808, 13831, 13807, 13834, 13864, 13902, 13927, 13857, 13915, 13961, 13947, 13973, 13940, 13948, 13961, 14004, 14046, 14024, 14089, 14097, 14097, 14116, 14157, 14128]
		Heuristic: SingleDiscount
		[10832, 11679, 12043, 12397, 12484, 12643, 12749, 12889, 12983, 13107, 13182, 13170, 13204, 13405, 13457, 13589, 13600, 13602, 13683, 13677, 13762, 13703, 13776, 13787, 13842, 13894, 13900, 13934, 13933, 13970, 13967, 14012, 14013, 14077, 14084, 14114, 14167, 14119, 14152, 14232, 14216, 14283, 14292, 14294, 14333, 14349, 14320, 14348, 14351, 14372]
		Heuristic: DegreeDiscount
		[10773, 11726, 12077, 12310, 12474, 12556, 12691, 12800, 12959, 13085, 13171, 13185, 13218, 13394, 13490, 13558, 13612, 13646, 13657, 13701, 13713, 13764, 13773, 13803, 13833, 13892, 13932, 13955, 13951, 13968, 14038, 14022, 14000, 14048, 14125, 14084, 14135, 14171, 14226, 14182, 14237, 14241, 14275, 14309, 14324, 14322, 14345, 14313, 14402, 14351]
	Diffusion Model: WeightedCascade
		Heuristic: Random
		[1, 516, 533, 186, 301, 4620, 5271, 4879, 4502, 5069, 4704, 8661, 8707, 8473, 8709, 8606, 8377, 8642, 8594, 8863, 8559, 8992, 8576, 8500, 8620, 8580, 9008, 8808, 8792, 9081, 9204, 9176, 8899, 8809, 8833, 8862, 9171, 9028, 9111, 8999, 9308, 9078, 9173, 9398, 9342, 9761, 9310, 9345, 9682, 9525]
		Heuristic: Degree
		[10714, 11641, 12105, 12330, 12441, 12685, 12729, 12896, 12995, 13095, 13118, 13179, 13227, 13421, 13454, 13555, 13547, 13621, 13585, 13666, 13689, 13727, 13691, 13776, 13748, 13772, 13851, 13854, 13857, 13860, 13902, 13868, 13931, 13924, 13941, 13942, 13962, 13946, 13982, 13988, 13985, 13979, 14008, 14024, 14054, 14088, 14088, 14123, 14100, 14140]
		Heuristic: SingleDiscount
		[10743, 11676, 12119, 12360, 12496, 12582, 12790, 12841, 12957, 13055, 13133, 13191, 13260, 13384, 13505, 13535, 13582, 13666, 13674, 13700, 13748, 13684, 13752, 13790, 13869, 13920, 13933, 13955, 13968, 14008, 14009, 14006, 14017, 14068, 14042, 14118, 14127, 14115, 14164, 14194, 14191, 14258, 14275, 14306, 14324, 14300, 14333, 14368, 14332, 14370]
		Heuristic: DegreeDiscount
		[10666, 11675, 12123, 12325, 12457, 12634, 12765, 12866, 13008, 13052, 13162, 13209, 13256, 13396, 13456, 13621, 13588, 13712, 13711, 13685, 13723, 13735, 13772, 13820, 13805, 13915, 13933, 13929, 13991, 13964, 13968, 14014, 13970, 14024, 14104, 14110, 14102, 14177, 14159, 14215, 14213, 14257, 14297, 14309, 14339, 14329, 14340, 14324, 14360, 14299]
