Average Cost

Amazon:

Random
[52, 107, 162, 219, 271, 324, 385, 436, 489, 543]
[55, 111, 166, 227, 277, 333, 391, 449, 504, 556]
[295, 551, 816, 1082, 1377, 1634, 1899, 2157, 2439, 2826]
Degree
[52, 108, 162, 217, 278, 338, 394, 453, 507, 561]
[56, 109, 166, 222, 275, 330, 389, 438, 494, 556]
[274, 547, 807, 1053, 1319, 1628, 1801, 2045, 2401, 2644]
Page Rank
[53, 102, 156, 206, 259, 312, 367, 429, 485, 538]
[53, 107, 157, 215, 268, 322, 373, 432, 483, 531]
[267, 532, 807, 1109, 1410, 1629, 1933, 2095, 2417, 2675]

Github:

Random
[61, 122, 185, 248, 310, 369, 427, 487, 543, 600]
[2221, 2127, 2400, 2441, 2506, 2607, 2654, 2734, 2718, 2732]
[2459, 2593, 2679, 2879, 2981, 3137, 3286, 3404, 3530, 3631]
Degree
[56, 117, 177, 233, 296, 354, 412, 467, 532, 596]
[2039, 2345, 2376, 2397, 2512, 2543, 2604, 2659, 2707, 2736]
[2440, 2576, 2659, 2912, 3003, 3079, 3300, 3449, 3577, 3684]
Page Rank
[57, 111, 168, 225, 283, 341, 399, 460, 515, 572]
[1817, 2303, 2350, 2469, 2465, 2487, 2588, 2561, 2738, 2774]
[2474, 2595, 2702, 2842, 2954, 3068, 3221, 3443, 3505, 3720]


Arxiv:

Random
[82, 151, 220, 298, 376, 464, 545, 618, 690, 765]
[59, 138, 197, 271, 364, 438, 446, 513, 603, 656]
[316, 530, 864, 1082, 1268, 1467, 1585, 1781, 2015, 2120]
Degree
[82, 153, 212, 299, 368, 463, 540, 618, 698, 781]
[52, 104, 159, 209, 263, 314, 367, 418, 471, 525]
[139, 340, 559, 716, 912, 1024, 1170, 1313, 1478, 1628]
Page Rank
[53, 103, 154, 205, 255, 307, 357, 408, 457, 508]
[50, 100, 150, 200, 250, 300, 351, 401, 451, 501]
[52, 102, 153, 203, 254, 305, 355, 407, 455, 505]



Highest Cost:

Amazon:

Random
[34, 64, 93, 122, 154, 182, 212, 242, 275, 307]
[42, 79, 113, 148, 184, 210, 250, 282, 313, 351]
[162, 369, 528, 686, 811, 988, 1110, 1226, 1362, 1534]
Degree
[7, 9, 21, 46, 66, 65, 80, 100, 129, 133]
[7, 12, 22, 26, 32, 37, 48, 49, 57, 66]
[20, 26, 23, 30, 42, 78, 66, 71, 108, 122]
Page Rank
[12, 21, 46, 63, 94, 108, 130, 148, 165, 188]
[10, 21, 22, 35, 39, 49, 59, 64, 79, 90]
[13, 32, 49, 59, 55, 64, 87, 119, 130, 160]

GitHub:

Random
[398, 511, 580, 662, 805, 859, 938, 1007, 1054, 1110]
[2252, 2252, 2388, 2374, 2471, 2511, 2549, 2591, 2597, 2620]
[2278, 2458, 2448, 2546, 2645, 2787, 2817, 2832, 2904, 3057]
Degree
[5, 17, 29, 16, 31, 92, 148, 132, 137, 171]
[2010, 2206, 2164, 2214, 2013, 2199, 2021, 2176, 2262, 2192]
[1912, 1868, 2270, 2283, 2238, 2333, 2227, 2299, 2264, 2277]
Page Rank
[21, 20, 57, 69, 104, 127, 132, 147, 156, 158]
[1556, 2234, 2232, 1949, 2208, 2174, 2241, 2194, 2200, 2240]
[2287, 2240, 2128, 2024, 2345, 2335, 2274, 2319, 2421, 2257]


Arxiv:

Random
[48, 109, 165, 214, 263, 307, 370, 421, 478, 539]
[40, 71, 102, 140, 181, 206, 250, 272, 300, 333]
[96, 150, 228, 385, 509, 540, 696, 803, 871, 1118]
Degree
[10, 16, 45, 51, 48, 47, 51, 52, 54, 55]
[7, 40, 34, 65, 60, 97, 123, 105, 115, 161]
[36, 168, 156, 154, 215, 288, 328, 315, 348, 438]
Page Rank
[53, 93, 122, 175, 223, 255, 303, 343, 391, 460]
[17, 51, 68, 95, 109, 123, 169, 197, 205, 250]
[142, 170, 244, 329, 392, 442, 439, 611, 588, 717]

Lowest Cost:

Amazon:

Random
[306, 596, 886, 1182, 1462, 1763, 2071, 2401, 2720, 3011]
[329, 635, 928, 1215, 1511, 1810, 2094, 2374, 2661, 2936]
[1316, 2523, 3551, 4554, 5583, 6488, 7400, 8301, 9331, 10424]
Degree
[306, 619, 940, 1252, 1567, 1890, 2213, 2540, 2854, 3188]
[304, 608, 914, 1222, 1527, 1826, 2134, 2442, 2742, 3049]
[1772, 3392, 4962, 6450, 7811, 9401, 10733, 11960, 13698, 14651]
Page Rank
[138, 266, 390, 511, 630, 748, 865, 981, 1095, 1209]
[141, 269, 396, 517, 640, 759, 881, 997, 1112, 1229]
[1054, 1880, 2556, 3338, 4144, 4720, 5516, 5976, 6567, 7298]

Github:

Random
[659, 1081, 1479, 1815, 2183, 2503, 2834, 3155, 3461, 3769]
[2564, 2921, 3222, 3512, 3839, 4057, 4344, 4596, 4878, 5121]
[2971, 3526, 3984, 4443, 4910, 5352, 5812, 6205, 6662, 7083]
Degree
[311, 616, 927, 1241, 1552, 1869, 2179, 2487, 2792, 3103]
[1424, 2812, 3101, 3410, 3728, 4009, 4339, 4614, 4985, 5268]
[3226, 3839, 4544, 5239, 5805, 6478, 6968, 7585, 8064, 8681]
Page Rank
[127, 254, 379, 504, 629, 752, 876, 998, 1121, 1243]
[1884, 2254, 2390, 2642, 2851, 2989, 3091, 3199, 3354, 3489]
[2655, 2867, 3078, 3346, 3579, 3798, 4091, 4290, 4537, 4696]

Arxiv:

Random
[472, 967, 1356, 1740, 2175, 2546, 2964, 3330, 3717, 4114]
[337, 645, 975, 1254, 1594, 1898, 2252, 2515, 2816, 3096]
[1103, 1907, 2864, 3637, 4314, 5046, 5705, 6421, 7045, 7664]
Degree
[212, 430, 658, 876, 1087, 1302, 1521, 1753, 1966, 2179]
[201, 402, 603, 805, 1006, 1207, 1410, 1615, 1812, 2014]
[370, 825, 1261, 1867, 2168, 2622, 3089, 3363, 3748, 4256]
Page Rank
[232, 418, 582, 736, 883, 1024, 1159, 1292, 1421, 1546]
[243, 431, 607, 762, 915, 1068, 1220, 1342, 1486, 1622]
[1523, 2320, 2958, 3369, 3832, 4250, 4585, 4866, 5230, 5512]





Potential Influence Cost Ratio:

Amazon:

Random
[401, 721, 1014, 1330, 1614, 1898, 2173, 2456, 2755, 3032]
[487, 829, 1164, 1466, 1777, 2116, 2413, 2702, 2998, 3307]
[1734, 3281, 4686, 5907, 7203, 8498, 9765, 10624, 11718, 12958]
Degree
[306, 619, 940, 1252, 1567, 1890, 2213, 2540, 2854, 3188]
[306, 610, 914, 1217, 1526, 1830, 2136, 2441, 2747, 3050]
[1844, 3413, 4959, 6493, 7930, 9556, 10718, 11993, 13478, 14894]
Page Rank
[138, 266, 390, 511, 630, 748, 865, 981, 1095, 1209]
[140, 270, 396, 520, 641, 760, 882, 996, 1114, 1230]
[1066, 1841, 2547, 3269, 4123, 4672, 5322, 6173, 6832, 7448]


Github:

Random
[5904, 7186, 8073, 8843, 9428, 10113, 10586, 11294, 11664, 11978]
[2539, 2742, 3101, 3368, 3658, 3894, 4144, 4392, 4665, 4899]
[2541, 3031, 3569, 3931, 4514, 4931, 5342, 5784, 6188, 6589]
Degree
[311, 616, 927, 1241, 1552, 1869, 2179, 2487, 2792, 3103]
[979, 2834, 3133, 3398, 3733, 3985, 4337, 4754, 4977, 5227]
[3231, 3759, 4531, 5212, 5836, 6443, 7016, 7562, 8089, 8686]
Page Rank
[127, 254, 379, 504, 629, 752, 876, 998, 1121, 1243]
[1642, 1990, 2616, 2748, 2869, 3026, 3044, 3288, 3328, 3542]
[2520, 2912, 3076, 3359, 3537, 3870, 3981, 4258, 4528, 4722]

Arxiv:

Random
[309, 645, 989, 1323, 1700, 2050, 2388, 2747, 3227, 3582]
[713, 1074, 1377, 1694, 1951, 2234, 2512, 2796, 3017, 3307]
[1527, 2488, 3222, 3986, 4710, 5379, 6065, 6682, 7273, 7892]
Degree
[337, 669, 969, 1274, 1586, 1908, 2211, 2519, 2822, 3137]
[204, 408, 610, 811, 1018, 1220, 1424, 1629, 1829, 2034]
[698, 1350, 1993, 2576, 3132, 3538, 4170, 4696, 5293, 5652]
Page Rank
[232, 418, 582, 736, 884, 1024, 1163, 1296, 1420, 1546]
[240, 436, 606, 775, 927, 1066, 1221, 1355, 1511, 1638]
[1531, 2378, 2938, 3436, 3798, 4153, 4573, 4895, 5265, 5535]


Potential Influence Cost Ratio (without p, for weighted cascade):

Amazon:

Random
[472, 967, 1356, 1740, 2175, 2546, 2964, 3330, 3717, 4114]
[337, 645, 975, 1254, 1594, 1898, 2252, 2515, 2816, 3096]
[1103, 1907, 2864, 3637, 4314, 5046, 5705, 6421, 7045, 7664]
Degree
[212, 430, 658, 876, 1087, 1302, 1521, 1753, 1966, 2179]
[201, 402, 603, 805, 1006, 1207, 1410, 1615, 1812, 2014]
[370, 825, 1261, 1867, 2168, 2622, 3089, 3363, 3748, 4256]
Page Rank
[232, 418, 582, 736, 883, 1024, 1159, 1292, 1421, 1546]
[243, 431, 607, 762, 915, 1068, 1220, 1342, 1486, 1622]
[1523, 2320, 2958, 3369, 3832, 4250, 4585, 4866, 5230, 5512]

Github:

Random
[6221, 8747, 11070, 37657, 37657, 37657, 37657, 37657, 37657, 37657]
[2392, 2575, 2721, 2875, 3048, 3127, 3278, 3374, 3531, 3584]
[2334, 2525, 2790, 2875, 3088, 3249, 3429, 3557, 3737, 3801]
Degree
[311, 616, 927, 1241, 1552, 1869, 2179, 2487, 2792, 3103]
[1394, 2590, 3130, 3410, 3778, 4045, 4338, 4674, 4924, 5242]
[3255, 3769, 4510, 5147, 5773, 6442, 6973, 7617, 8103, 8630]
Page Rank
[4, 10, 19, 23, 29, 36, 44, 52, 59, 68]
[1942, 2239, 2193, 2260, 2223, 2265, 2256, 2310, 2270, 2313]
[2072, 2363, 2277, 2278, 2296, 2369, 2387, 2320, 2344, 2326]


Arxiv:

Random
[306, 577, 784, 1011, 1194, 1386, 1553, 1768, 1907, 2065]
[697, 967, 1213, 1422, 1610, 1758, 1938, 2089, 2198, 2325]
[1489, 2024, 2354, 2762, 3069, 3374, 3597, 3866, 4029, 4206]
Degree
[337, 669, 969, 1274, 1586, 1908, 2211, 2519, 2822, 3137]
[202, 406, 609, 817, 1022, 1220, 1422, 1630, 1830, 2035]
[673, 1331, 1943, 2511, 3127, 3684, 4267, 4645, 5312, 5804]
Page Rank
[36, 75, 113, 153, 192, 233, 277, 316, 356, 395]
[167, 299, 357, 439, 512, 580, 625, 672, 736, 798]
[338, 547, 622, 774, 840, 939, 956, 1071, 1139, 1239]